0 0.392699 0.785398 1.1781 1.5708 1.9635 2.35619 2.74889 3.14159 3.53429 3.92699 4.31969 4.71239 5.10509 5.49779 5.89049 
0.13795 0.663446 1.08794 1.3468 1.40063 1.24122 0.892847 0.408548 -0.13795 -0.663446 -1.08794 -1.3468 -1.40063 -1.24122 -0.892847 -0.408548 
0 0.392699 0.785398 1.1781 1.5708 1.9635 2.35619 2.74889 3.14159 3.53429 3.92699 4.31969 4.71239 5.10509 5.49779 5.89049 
-0.13795 -0.122249 -0.0879378 -0.0402384 0.0135869 0.0653437 0.107153 0.132648 0.13795 0.122249 0.0879378 0.0402384 -0.0135869 -0.0653437 -0.107153 -0.132648 
0 0.785398 1.5708 2.35619 3.14159 3.92699 4.71239 5.49779 
0.566672 1.72162 1.86807 0.920225 -0.566672 -1.72162 -1.86807 -0.920225 
0 0.785398 1.5708 2.35619 3.14159 3.92699 4.71239 5.49779 
-0.371582 -0.183044 0.112718 0.342452 0.371582 0.183044 -0.112718 -0.342452 
0 1.5708 3.14159 4.71239 
1.61807 1.97162 -1.61807 -1.97162 
0 1.5708 3.14159 4.71239 
-0.816672 0.670225 0.816672 -0.670225 
0 0.19635 0.392699 0.589049 0.785398 0.981748 1.1781 1.37445 1.5708 1.76715 1.9635 2.15984 2.35619 2.55254 2.74889 2.94524 3.14159 3.33794 3.53429 3.73064 3.92699 4.12334 4.31969 4.51604 4.71239 4.90874 5.10509 5.30144 5.49779 5.69414 5.89049 6.08684 
0 0.19509 0.382683 0.55557 0.707107 0.83147 0.92388 0.980785 1 0.980785 0.92388 0.83147 0.707107 0.55557 0.382683 0.19509 1.22465e-16 -0.19509 -0.382683 -0.55557 -0.707107 -0.83147 -0.92388 -0.980785 -1 -0.980785 -0.92388 -0.83147 -0.707107 -0.55557 -0.382683 -0.19509 
0 0.19635 0.392699 0.589049 0.785398 0.981748 1.1781 1.37445 1.5708 1.76715 1.9635 2.15984 2.35619 2.55254 2.74889 2.94524 3.14159 3.33794 3.53429 3.73064 3.92699 4.12334 4.31969 4.51604 4.71239 4.90874 5.10509 5.30144 5.49779 5.69414 5.89049 6.08684 
-1.94289e-16 0.19509 0.382683 0.55557 0.707107 0.83147 0.92388 0.980785 1 0.980785 0.92388 0.83147 0.707107 0.55557 0.382683 0.19509 3.60822e-16 -0.19509 -0.382683 -0.55557 -0.707107 -0.83147 -0.92388 -0.980785 -1 -0.980785 -0.92388 -0.83147 -0.707107 -0.55557 -0.382683 -0.19509 